nope= 201;
k=78;
J=58;
b=43;