n=34;
o=22;