hu=200;
ju=10;