b=23;
c=100;
d=50;
e=89