nope= 201;
k=78;