b=23;
c=100;